============================================================
DERAIN MODEL TEST RESULTS
============================================================
Timestamp: 2025-08-16 18:51:02
Input Image: D:\School UIC\GAN\attentive-gan-derainnet\tools\test_12.png
Weights Path: D:\School UIC\GAN\attentive-gan-derainnet\weights\derain_gan\derain_gan.ckpt-100000
Label Path: None
------------------------------------------------------------

PERFORMANCE METRICS
============================================================
No label image provided - SSIM and PSNR metrics unavailable
To get performance metrics, provide --label_path parameter
------------------------------------------------------------

OUTPUT IMAGE ANALYSIS
================================================================================
Property             Red Channel     Green Channel   Blue Channel   
================================================================================
Min Value            0.00            0.00            0.00           
Max Value            255.00          255.00          255.00         
Mean Value           125.54          142.60          149.30         
Std Deviation        60.26           56.75           55.24          
Median               127.00          150.00          160.00         
================================================================================
Overall Image Shape: (240, 360, 3)
Overall Mean: 139.15
Overall Std: 58.32
------------------------------------------------------------

ATTENTION MAPS ANALYSIS
==========================================================================================
Map      Shape           Min      Max      Mean     Std      Focus        Coverage    
==========================================================================================
Map_1    (240, 360)      0.070    0.938    0.372    0.171    0.566        22.3        %
Map_2    (240, 360)      0.044    0.892    0.351    0.163    0.541        19.0        %
Map_3    (240, 360)      0.044    0.865    0.342    0.149    0.523        15.9        %
Map_4    (240, 360)      0.140    0.994    0.432    0.153    0.562        28.0        %
==========================================================================================
Focus Score: Higher values indicate more focused attention
Coverage: Percentage of areas with attention > 0.5
------------------------------------------------------------

ATTENTION MAPS SAMPLE VALUES (Top-left 10x10 region)
============================================================

Attention Map 1:
------------------------------
 0.520  0.526  0.503  0.468  0.461  0.458  0.475  0.486  0.509  0.510
 0.463  0.416  0.351  0.298  0.288  0.264  0.291  0.306  0.336  0.341
 0.416  0.355  0.264  0.240  0.206  0.208  0.227  0.273  0.290  0.317
 0.375  0.352  0.285  0.256  0.251  0.254  0.281  0.300  0.344  0.374
 0.368  0.321  0.218  0.200  0.209  0.209  0.237  0.286  0.321  0.371
 0.338  0.287  0.199  0.177  0.178  0.184  0.224  0.269  0.311  0.355
 0.326  0.271  0.225  0.195  0.190  0.186  0.240  0.283  0.317  0.351
 0.328  0.273  0.206  0.191  0.188  0.197  0.239  0.288  0.303  0.297
 0.309  0.235  0.177  0.185  0.184  0.188  0.217  0.248  0.247  0.229
 0.314  0.239  0.208  0.198  0.207  0.215  0.218  0.227  0.196  0.179


Attention Map 2:
------------------------------
 0.498  0.510  0.437  0.401  0.383  0.404  0.425  0.446  0.447  0.440
 0.450  0.425  0.375  0.323  0.290  0.310  0.335  0.341  0.367  0.377
 0.399  0.343  0.263  0.212  0.204  0.228  0.238  0.261  0.276  0.272
 0.409  0.324  0.257  0.227  0.224  0.228  0.245  0.268  0.278  0.279
 0.396  0.270  0.244  0.199  0.214  0.226  0.239  0.247  0.252  0.247
 0.374  0.249  0.244  0.202  0.210  0.243  0.243  0.239  0.244  0.250
 0.373  0.272  0.237  0.203  0.204  0.221  0.208  0.207  0.218  0.247
 0.370  0.260  0.219  0.191  0.192  0.221  0.220  0.219  0.215  0.231
 0.372  0.257  0.231  0.190  0.188  0.210  0.205  0.206  0.206  0.216
 0.364  0.251  0.211  0.189  0.186  0.206  0.212  0.200  0.196  0.186


Attention Map 3:
------------------------------
 0.474  0.389  0.363  0.329  0.334  0.357  0.374  0.388  0.407  0.407
 0.450  0.353  0.296  0.257  0.252  0.272  0.274  0.290  0.299  0.293
 0.335  0.237  0.208  0.185  0.182  0.195  0.206  0.223  0.235  0.242
 0.330  0.228  0.211  0.169  0.167  0.186  0.195  0.202  0.200  0.210
 0.329  0.230  0.219  0.176  0.166  0.186  0.197  0.217  0.228  0.240
 0.323  0.225  0.223  0.179  0.177  0.196  0.204  0.218  0.238  0.245
 0.322  0.235  0.218  0.169  0.173  0.189  0.207  0.225  0.252  0.262
 0.313  0.218  0.204  0.168  0.169  0.207  0.238  0.248  0.262  0.261
 0.305  0.206  0.202  0.174  0.187  0.218  0.227  0.233  0.237  0.236
 0.314  0.227  0.209  0.170  0.178  0.201  0.217  0.218  0.210  0.205


Attention Map 4:
------------------------------
 0.488  0.447  0.368  0.397  0.415  0.404  0.414  0.422  0.423  0.443
 0.410  0.323  0.298  0.313  0.281  0.253  0.279  0.291  0.265  0.317
 0.386  0.266  0.250  0.240  0.222  0.265  0.266  0.235  0.248  0.321
 0.374  0.300  0.274  0.275  0.235  0.269  0.271  0.259  0.292  0.307
 0.366  0.336  0.294  0.293  0.279  0.273  0.249  0.275  0.313  0.269
 0.346  0.282  0.251  0.271  0.250  0.254  0.281  0.272  0.278  0.265
 0.344  0.249  0.237  0.250  0.246  0.261  0.306  0.293  0.290  0.329
 0.345  0.257  0.243  0.226  0.211  0.211  0.238  0.280  0.313  0.381
 0.335  0.241  0.227  0.238  0.254  0.265  0.273  0.281  0.306  0.312
 0.335  0.251  0.255  0.272  0.294  0.292  0.290  0.311  0.286  0.247

OUTPUT IMAGE SAMPLE VALUES (Top-left 10x10 region, RGB channels)
============================================================

Red Channel:
------------------------------
182 208 231 230 218 224 222 221 226 225
199 200 217 210 196 215 211 206 228 225
215 196 204 220 219 223 221 216 221 221
220 199 200 217 222 221 224 212 203 198
218 189 182 191 201 205 199 209 201 206
217 196 209 209 215 218 212 213 202 206
215 197 205 208 210 205 190 191 196 190
214 192 197 198 208 211 214 207 202 198
218 201 214 206 204 203 207 211 204 203
216 205 218 207 187 182 184 190 193 203


Green Channel:
------------------------------
189 218 228 230 219 220 220 222 227 228
194 219 233 230 214 229 226 221 241 242
207 210 210 225 228 227 223 221 235 234
218 217 212 223 224 221 219 215 215 212
217 207 199 205 209 210 210 220 215 218
217 213 220 219 220 224 219 218 216 219
218 215 219 222 222 215 205 205 209 205
213 206 207 211 219 222 225 218 212 204
217 214 221 217 216 219 221 220 211 208
214 218 221 214 200 197 198 204 203 211


Blue Channel:
------------------------------
184 231 236 238 228 227 230 229 234 237
199 201 227 230 213 234 226 222 243 245
198 211 208 223 229 229 219 225 236 230
209 223 213 230 226 220 221 219 214 210
209 208 199 205 207 209 210 218 215 220
206 222 220 223 221 225 224 220 217 218
209 224 220 221 221 215 208 208 209 204
203 212 212 211 216 218 223 218 210 205
206 221 222 223 218 220 222 219 213 207
204 217 218 215 199 194 198 204 201 210

============================================================
Results saved successfully!
Generated files: src_img.png, derain_ret.png, atte_map_*.png
============================================================
