============================================================
DERAIN MODEL TEST RESULTS
============================================================
Timestamp: 2025-06-13 05:53:03
Input Image: ./data/test_data/test_6.png
Weights Path: ./weights/derain_gan/derain_gan.ckpt-100000
Label Path: None
------------------------------------------------------------

PERFORMANCE METRICS
============================================================
No label image provided - SSIM and PSNR metrics unavailable
To get performance metrics, provide --label_path parameter
------------------------------------------------------------

OUTPUT IMAGE ANALYSIS
================================================================================
Property             Red Channel     Green Channel   Blue Channel   
================================================================================
Min Value            0.00            0.00            0.00           
Max Value            255.00          255.00          255.00         
Mean Value           97.10           108.60          104.00         
Std Deviation        67.16           66.13           66.37          
Median               88.00           126.00          113.00         
================================================================================
Overall Image Shape: (240, 360, 3)
Overall Mean: 103.23
Overall Std: 66.72
------------------------------------------------------------

ATTENTION MAPS ANALYSIS
==========================================================================================
Map      Shape           Min      Max      Mean     Std      Focus        Coverage    
==========================================================================================
Map_1    (240, 360)      0.052    0.958    0.420    0.235    0.538        35.5        %
Map_2    (240, 360)      0.028    0.952    0.413    0.228    0.540        33.9        %
Map_3    (240, 360)      0.027    0.920    0.402    0.211    0.518        32.2        %
Map_4    (240, 360)      0.110    0.962    0.451    0.154    0.511        35.6        %
==========================================================================================
Focus Score: Higher values indicate more focused attention
Coverage: Percentage of areas with attention > 0.5
------------------------------------------------------------

ATTENTION MAPS SAMPLE VALUES (Top-left 10x10 region)
============================================================

Attention Map 1:
------------------------------
 0.670  0.627  0.628  0.585  0.593  0.568  0.568  0.563  0.566  0.562
 0.610  0.475  0.436  0.360  0.390  0.334  0.315  0.319  0.309  0.307
 0.529  0.399  0.311  0.245  0.228  0.212  0.180  0.188  0.189  0.193
 0.561  0.385  0.297  0.249  0.245  0.223  0.204  0.202  0.201  0.196
 0.597  0.395  0.306  0.228  0.217  0.186  0.165  0.166  0.166  0.163
 0.631  0.463  0.388  0.250  0.224  0.159  0.142  0.148  0.155  0.157
 0.676  0.579  0.520  0.317  0.232  0.164  0.145  0.148  0.149  0.147
 0.730  0.689  0.688  0.487  0.298  0.179  0.138  0.140  0.139  0.140
 0.769  0.778  0.803  0.697  0.437  0.234  0.152  0.139  0.132  0.135
 0.793  0.834  0.876  0.826  0.644  0.357  0.195  0.152  0.134  0.131


Attention Map 2:
------------------------------
 0.612  0.669  0.578  0.521  0.534  0.528  0.513  0.506  0.497  0.497
 0.569  0.468  0.404  0.332  0.319  0.317  0.317  0.311  0.308  0.314
 0.438  0.341  0.291  0.301  0.242  0.245  0.233  0.227  0.226  0.224
 0.442  0.386  0.278  0.208  0.206  0.181  0.182  0.179  0.175  0.178
 0.433  0.397  0.292  0.192  0.173  0.163  0.167  0.163  0.159  0.174
 0.474  0.476  0.357  0.248  0.180  0.145  0.140  0.138  0.129  0.137
 0.531  0.530  0.444  0.306  0.214  0.158  0.142  0.134  0.123  0.119
 0.586  0.612  0.542  0.414  0.281  0.185  0.154  0.148  0.129  0.122
 0.627  0.681  0.673  0.514  0.378  0.240  0.175  0.155  0.135  0.122
 0.661  0.746  0.779  0.644  0.487  0.334  0.207  0.176  0.150  0.135


Attention Map 3:
------------------------------
 0.506  0.459  0.312  0.377  0.375  0.400  0.401  0.408  0.401  0.387
 0.499  0.364  0.212  0.256  0.262  0.244  0.237  0.239  0.233  0.224
 0.407  0.247  0.203  0.180  0.190  0.178  0.183  0.175  0.161  0.154
 0.457  0.359  0.257  0.231  0.215  0.207  0.196  0.185  0.177  0.168
 0.458  0.287  0.215  0.216  0.225  0.226  0.207  0.188  0.170  0.160
 0.487  0.344  0.271  0.254  0.259  0.228  0.212  0.193  0.172  0.166
 0.533  0.385  0.310  0.274  0.264  0.235  0.220  0.195  0.172  0.159
 0.559  0.450  0.371  0.312  0.280  0.246  0.223  0.196  0.163  0.147
 0.594  0.521  0.471  0.387  0.314  0.274  0.237  0.208  0.183  0.156
 0.636  0.604  0.583  0.486  0.386  0.331  0.271  0.233  0.193  0.157


Attention Map 4:
------------------------------
 0.501  0.388  0.452  0.460  0.454  0.460  0.479  0.488  0.479  0.481
 0.586  0.466  0.515  0.463  0.469  0.453  0.467  0.473  0.476  0.508
 0.577  0.450  0.542  0.484  0.479  0.447  0.423  0.449  0.453  0.464
 0.530  0.472  0.556  0.522  0.501  0.452  0.481  0.474  0.509  0.486
 0.538  0.464  0.458  0.521  0.481  0.427  0.459  0.502  0.503  0.458
 0.614  0.514  0.549  0.551  0.457  0.422  0.490  0.507  0.516  0.483
 0.693  0.554  0.658  0.542  0.491  0.468  0.441  0.468  0.516  0.457
 0.756  0.649  0.754  0.591  0.536  0.478  0.421  0.443  0.432  0.418
 0.801  0.749  0.830  0.643  0.563  0.514  0.465  0.479  0.407  0.402
 0.845  0.819  0.867  0.728  0.643  0.518  0.463  0.469  0.418  0.412

OUTPUT IMAGE SAMPLE VALUES (Top-left 10x10 region, RGB channels)
============================================================

Red Channel:
------------------------------
 36  14  23  16  13  14  13  12  13  14
 18   2   8   6  11   9   9   9  11  10
 23  14   9  10   8   8  10   9   9   8
 21   9   5  10   5   6   5   8  11  10
 25   7   9  12   6   8   6   7  10   9
 21   8   8  11  11  10   9   9  12   7
 20   7   6   7  13   7   6   8  10  10
 18   7   3   6   7   6   8   8  10  13
 20   4   1   4   6   6   7   8   8   9
 19   1   1   2   1   4   4   4   7   7


Green Channel:
------------------------------
 34  24  27  16  13  12  11  10  11  11
 13   9  17   9  12  11   9   9  12  11
 10  25  17  12  13  13  17  16  15  15
 11  14   9   9   4   6   7  10  16  13
 13  13  16  13   7   7   9   9  14  14
 12  10  16  12  13   9  14  14  15  11
 12  10  14   9  18   8   7  12  16  13
 13  11  10   6  12   8   8  11  12  16
 16  11   8   5   8   9  10  10  10  10
 17   7   6   3   4   6   6   6   7   7


Blue Channel:
------------------------------
 37  25  22  13  13  14  12  11  13  13
 13   7  13   4   9   7   6   7   7   8
 13  12  13   8  10  11  13  10  10  10
 10  11   5   6   3   5   6   8  12   9
 13  11  15   8   5   6   8   7   9  10
 12   9  14  10   9   7  10  10  11   7
 12   7  14   8  14   4   6  10  11   8
 12   9  11   5  10   7   6   7  11  12
 13   7  10   3   8   7   7   8   7   8
 14   6   9   3   3   5   5   4   5   6

============================================================
Results saved successfully!
Generated files: src_img.png, derain_ret.png, atte_map_*.png
============================================================
